1736759527199 0.41376298666000366 0
1736759527703 0.4131038784980774 1
1736759528098 0.41255253553390503 2
1736759528557 0.4120173752307892 3
1736759528980 0.4114849865436554 4
1736759529396 0.41095203161239624 5
1736759529813 0.4104177951812744 6
1736759530246 0.40988272428512573 7
1736759530651 0.40934765338897705 8
1736759531064 0.4088137745857239 9
1736759531510 0.40828239917755127 10
1736759532011 0.40775516629219055 11
1736759532409 0.4072336256504059 12
1736759532830 0.4067198932170868 13
1736759533258 0.40621599555015564 14
1736759533659 0.40572428703308105 15
1736759534058 0.40524736046791077 16
1736759534461 0.4047881066799164 17
1736759534845 0.40434956550598145 18
1736759535314 0.4039348065853119 19
1736759535693 0.40354716777801514 20
1736759536073 0.4031899869441986 21
1736759536505 0.40286651253700256 22
1736759536912 0.402579665184021 23
1736759537319 0.4023314118385315 24
1736759537769 0.40212228894233704 25
1736759538152 0.40195125341415405 26
1736759538631 0.40181440114974976 27
1736759539037 0.40170493721961975 28
1736759539440 0.40161311626434326 29
1736759539844 0.40152743458747864 30
1736759540236 0.4014362394809723 31
1736759540682 0.40133070945739746 32
1736759541077 0.40120524168014526 33
1736759541492 0.4010581374168396 34
1736759542028 0.4008912146091461 35
1736759542442 0.4007086753845215 36
1736759542891 0.40051570534706116 37
1736759543242 0.4003177583217621 38
1736759543590 0.4001196324825287 39
1736759543920 0.3999248445034027 40
1736759544243 0.399735689163208 41
1736759544575 0.39955323934555054 42
1736759544953 0.3993774354457855 43
1736759545319 0.39920735359191895 44
1736759545667 0.39904141426086426 45
1736759546005 0.3988777995109558 46
1736759546360 0.39871475100517273 47
1736759546711 0.398550420999527 48
1736759547143 0.39838334918022156 49
1736759547481 0.3982122242450714 50
1736759547840 0.39803630113601685 51
1736759548206 0.39785507321357727 52
1736759548543 0.39766836166381836 53
1736759548907 0.39747658371925354 54
1736759549253 0.3972799777984619 55
1736759549592 0.3970794379711151 56
1736759549957 0.3968754708766937 57
1736759550423 0.39666908979415894 58
1736759550841 0.39646077156066895 59
1736759551298 0.3962510824203491 60
1736759551749 0.396040141582489 61
1736759552228 0.3958279490470886 62
1736759552751 0.3956139087677002 63
1736759553164 0.39539748430252075 64
1736759553580 0.39517804980278015 65
1736759554025 0.3949548900127411 66
1736759554422 0.39472758769989014 67
1736759554804 0.3944958746433258 68
1736759555222 0.3942599594593048 69
1736759555646 0.3940199017524719 70
1736759556032 0.39377638697624207 71
1736759556416 0.39352962374687195 72
1736759556794 0.3932799994945526 73
1736759557246 0.39302748441696167 74
1736759557678 0.3927718698978424 75
1736759558088 0.39251279830932617 76
1736759558477 0.3922497630119324 77
1736759558896 0.39198213815689087 78
1736759559329 0.3917095959186554 79
1736759559723 0.3914318084716797 80
1736759560112 0.3911486268043518 81
1736759560540 0.39086008071899414 82
1736759560966 0.3905663788318634 83
1736759561395 0.3902675211429596 84
1736759561795 0.3899635970592499 85
1736759562209 0.38965439796447754 86
1736759562602 0.38933974504470825 87
1736759563071 0.38901931047439575 88
1736759563532 0.3886927664279938 89
1736759564112 0.3883599042892456 90
1736759564544 0.38802051544189453 91
1736759564956 0.38767480850219727 92
1736759565343 0.38732272386550903 93
1736759565751 0.3869645595550537 94
1736759566173 0.3866003751754761 95
1736759566594 0.3862304389476776 96
1736759567001 0.38585472106933594 97
1736759567545 0.3854735791683197 98
1736759567951 0.3850872814655304 99
1736759568375 0.38469645380973816 100
1736759568811 0.3843016028404236 101
1736759569225 0.3839035630226135 102
1736759569641 0.38350310921669006 103
1736759570045 0.38310107588768005 104
1736759570449 0.3826983869075775 105
1736759570985 0.3822959065437317 106
1736759571419 0.38189464807510376 107
1736759571834 0.3814956247806549 108
1736759572240 0.3811000883579254 109
1736759572907 0.38070908188819885 110
1736759573314 0.3803238570690155 111
1736759573741 0.379945307970047 112
1736759574138 0.3795742094516754 113
1736759574798 0.3792109191417694 114
1736759575182 0.3788556158542633 115
1736759575698 0.37850791215896606 116
1736759576095 0.3781670331954956 117
1736759576517 0.3778318166732788 118
1736759576965 0.37750110030174255 119
1736759577355 0.3771732449531555 120
1736759577744 0.37684670090675354 121
1736759578342 0.37651994824409485 122
1736759578795 0.3761918246746063 123
1736759579235 0.3758610785007477 124
1736759579700 0.3755267560482025 125
1736759580108 0.3751882314682007 126
1736759580540 0.3748449385166168 127
1736759580951 0.3744966387748718 128
1736759581363 0.37414318323135376 129
1736759581826 0.373784601688385 130
1736759582304 0.37342116236686707 131
1736759582737 0.37305280566215515 132
1736759583147 0.37267982959747314 133
1736759583560 0.3723021149635315 134
1736759583960 0.37191978096961975 135
1736759584344 0.3715328276157379 136
1736759584732 0.3711409270763397 137
1736759585136 0.3707440495491028 138
1736759585579 0.3703417181968689 139
1736759585965 0.3699336647987366 140
1736759586357 0.3695193827152252 141
1736759586752 0.36909860372543335 142
1736759587159 0.3686707019805908 143
1736759587570 0.36823520064353943 144
1736759587958 0.36779162287712097 145
1736759588419 0.36733943223953247 146
1736759588894 0.3668780028820038 147
1736759589271 0.3664068877696991 148
1736759589666 0.3659254312515259 149
1736759590153 0.3654329180717468 150
1736759590627 0.3649287819862366 151
1736759591111 0.3644121587276459 152
1736759591557 0.3638823926448822 153
1736759592051 0.3633384108543396 154
1736759592577 0.3627793788909912 155
1736759592993 0.36220404505729675 156
1736759593425 0.36161142587661743 157
1736759593892 0.36100026965141296 158
1736759594305 0.36036911606788635 159
1736759594671 0.3597166836261749 160
1736759595039 0.35904157161712646 161
1736759595406 0.3583422303199768 162
1736759595792 0.3576172888278961 163
1736759596212 0.356865257024765 164
1736759596669 0.35608476400375366 165
1736759597073 0.3552742004394531 166
1736759597474 0.35443228483200073 167
1736759597864 0.3535574972629547 168
1736759598241 0.35264840722084045 169
1736759598614 0.35170358419418335 170
1736759599034 0.350721150636673 171
1736759599414 0.3496991693973541 172
1736759599779 0.34863537549972534 173
1736759600140 0.34752678871154785 174
1736759600489 0.34637048840522766 175
1736759600855 0.34516340494155884 176
1736759601237 0.34390220046043396 177
1736759601612 0.3425839841365814 178
1736759601979 0.3412061035633087 179
1736759602348 0.3397666811943054 180
1736759602750 0.338265061378479 181
1736759603154 0.3367019295692444 182
1736759603530 0.3350798189640045 183
1736759603945 0.33340296149253845 184
1736759604286 0.33167707920074463 185
1736759604645 0.3299087882041931 186
1736759605009 0.32810524106025696 187
1736759605376 0.32627421617507935 188
1736759605737 0.32442373037338257 189
1736759606102 0.3225610852241516 190
1736759606448 0.32069286704063416 191
1736759606802 0.31882476806640625 192
1736759607158 0.31696295738220215 193
1736759607514 0.3151134252548218 194
1736759607884 0.3132830560207367 195
1736759608248 0.31147927045822144 196
1736759608594 0.30970868468284607 197
1736759609022 0.3079771399497986 198
1736759609384 0.30629006028175354 199
